-------------------------------------------------------
Assignment  Testing
-------------------------------------------------------
Author:  Gurkarman Reen 
ID:      169030008
Email:   reen0008@mylaurier.ca
Version: 2022-09-27
-------------------------------------------------------
"""
-------------------------------------------------------
t01
-------------------------------------------------------
6

120

1


-------------------------------------------------------
t02
-------------------------------------------------------
  5:  20.0
 10:  40.0
 15:  60.0
 20:  80.0
 
   5:  25.0
 10:  50.0
 15:  75.0
 20: 100.0
 25: 125.0
 30: 150.0
 35: 175.0
 40: 200.0
 45: 225.0
 50: 250.0
 
   5: 250.5
 10: 501.0
 15: 751.5
 20:1002.0
 25:1252.5
 30:1503.0
 35:1753.5
 40:2004.0
 45:2254.5
 50:2505.0
 

-------------------------------------------------------
t03
-------------------------------------------------------
##
# #
#  #
#   #
#    #
#     #
#      #
#       #
#        #
#         #

##
# #
#  #
#   #
#    #

##
# #
#  #
#   #
#    #
#     #
#      #
#       #
#        #
#         #
#          #
#           #
#            #
#             #
#              #


-------------------------------------------------------
t04
-------------------------------------------------------
      1    2    3    4    5    6    7    8    9   10   11   12   13 
   -----------------------------------------------------------------
1|    1    2    3    4    5    6    7    8    9   10   11   12   13 
2|    2    4    6    8   10   12   14   16   18   20   22   24   26 
3|    3    6    9   12   15   18   21   24   27   30   33   36   39 
4|    4    8   12   16   20   24   28   32   36   40   44   48   52 
5|    5   10   15   20   25   30   35   40   45   50   55   60   65 
6|    6   12   18   24   30   36   42   48   54   60   66   72   78 
7|    7   14   21   28   35   42   49   56   63   70   77   84   91 
8|    8   16   24   32   40   48   56   64   72   80   88   96  104 
9|    9   18   27   36   45   54   63   72   81   90   99  108  117 
10|   10   20   30   40   50   60   70   80   90  100  110  120  130 
11|   11   22   33   44   55   66   77   88   99  110  121  132  143 
12|   12   24   36   48   60   72   84   96  108  120  132  144  156 
13|   13   26   39   52   65   78   91  104  117  130  143  156  169 

    2    3    4    5    6    7 
   -----------------------------------
2|    4    6    8   10   12   14 
3|    6    9   12   15   18   21 
4|    8   12   16   20   24   28 
5|   10   15   20   25   30   35 
6|   12   18   24   30   36   42 
7|   14   21   28   35   42   49 

      1    2    3 
   ---------------
1|    1    2    3 
2|    2    4    6 
3|    3    6    9 


-------------------------------------------------------
t05
-------------------------------------------------------
14950

8330

30
-------------------------------------------------------

-------------------------------------------------------